0 0
0 0
0 0
0 0
0 0
0 0
0 0
0 0
0 0
0 0
0 0
0 0
0 0
0 0
0 0
0 0
0 0
0 0
0 0
0 0
0 0
0 0
0 0
0 0
0 0
0 0
0 0
0 0
0 0
0 0
0 0
0 0
0 0
0 0
0 0
0 0
0 0
0 0
0 0
0 0
-1 -3
-1 0
-5 0
-6 0
-2 0
0 0
0 0
0 0
0 0
0 0
0 0
2 0
0 0
0 0
0 -1
0 0
-2 -4
-4 -7
-4 -5
-4 -4
-2 -5
0 0
0 -1
0 0
0 0
-1 -5
-1 -6
-2 -6
-1 -5
0 -4
0 -3
0 -1
0 -1
0 0
0 0
0 0
0 0
0 0
0 0
0 0
0 0
0 0
0 0
0 0
0 0
0 0
0 0
0 0
0 0
0 0
0 0
0 0
0 0
0 0
0 0
0 0
0 0
0 0
0 0
0 0
0 0
0 0
0 0
0 0
0 0
0 0
0 0
0 0
0 0
0 0
18 -7
18 -6
14 -5
13 -4
14 -3
13 -3
12 -2
13 -2
11 -2
6 -1
0 -1
0 -1
0 0
0 0
0 0
0 0
-2 -2
-5 -3
-3 -3
0 -1
-1 0
0 -1
0 -1
1 -1
1 0
1 0
0 0
0 0
0 0
0 0
0 0
0 -1
-1 -2
-2 -1
0 -1
0 0
1 -1
2 0
2 0
1 0
0 0
0 0
0 0
0 0
0 0
0 0
0 0
0 0
0 0
0 0
0 0
0 0
0 0
0 0
0 0
0 0
0 0
0 0
0 0
0 0
0 0
0 0
0 0
0 0
0 0
0 0
0 0
0 0
0 0
0 0
0 0
0 0
0 0
0 0
0 0
0 0
0 0
0 0
0 0
-6 1
-8 3
-9 3
-10 2
-7 2
-3 1
-4 2
-3 1
-9 2
-11 2
-13 2
-12 1
-2 0
-1 0
0 0
0 0
0 0
0 0
0 0
0 0
0 0
0 0
0 0
0 0
0 0
0 0
0 0
0 0
0 0
0 0
0 0
0 0
0 0
0 0
0 0
0 0
0 0
0 0
0 0
0 0
0 0
0 0
0 0
0 0
9 -7
17 -7
16 -7
15 -8
14 -7
6 -4
0 -1
0 0
0 0
0 0
0 0
0 0
0 0
0 0
2 0
2 0
1 0
1 0
1 0
1 0
1 0
1 0
1 0
0 0
0 0
0 0
0 0
0 0
0 0
0 0
0 0
0 1
0 0
0 0
0 0
0 1
0 0
0 0
0 0
0 0
0 0
0 0
0 0
0 0
0 0
0 0
0 0
0 0
0 0
0 0
0 0
0 0
0 0
0 0
0 0
0 0
0 0
-4 0
-9 4
-8 6
-7 8
-9 10
-10 13
-9 13
-7 14
-4 14
-2 10
-1 6
-1 5
0 4
0 2
1 4
2 10
1 12
1 9
4 19
0 1
1 2
0 1
1 4
1 5
2 3
2 3
1 3
1 2
2 1
2 1
1 1
11 7
2 1
1 0
1 0
0 0
0 0
0 0
0 0
0 0
0 0
0 0
0 0
0 0
0 0
0 0
0 0
0 0
0 0
0 0
0 0
0 0
-1 -6
-1 -5
-1 -4
0 -5
-1 -1
0 -2
0 -3
0 -2
0 -2
0 -1
0 -1
0 0
0 0
0 0
0 0
0 0
0 0
0 0
0 0
0 0
0 0
0 0
0 0
0 0
0 0
2 -3
0 -6
3 -6
6 -8
8 -20
6 -16
6 -15
7 -12
6 -8
5 -5
6 -4
7 -4
6 -2
7 -3
2 -2
0 -1
0 0
0 0
0 0
-4 0
-2 0
-2 0
-1 0
-1 -1
-4 -1
-4 0
-5 -1
-2 -1
-2 0
-1 0
0 0
0 0
-1 0
-3 -1
-6 -1
-5 0
-2 -1
-1 0
0 0
-1 -1
-1 0
-1 0
0 0
0 0
0 0
0 0
0 0
0 0
0 0
0 0
0 0
0 0
0 0
0 0
0 0
0 0
0 0
0 0
0 0
0 0
6 3
6 2
5 1
1 0
1 0
1 0
3 0
2 0
1 0
0 0
5 1
5 1
4 0
1 1
1 0
0 0
0 0
0 1
0 0
1 6
1 6
1 7
0 8
0 8
-1 9
-1 7
-1 9
-1 9
-1 11
-2 12
-2 12
-1 12
0 9
0 7
0 6
0 3
0 1
0 1
0 0
0 0
0 0
0 0
0 0
0 0
0 1
0 0
0 0
0 0
0 0
0 0
0 0
0 0
0 0
-1 0
0 -12
-2 -14
-1 -15
-2 -16
-1 -8
0 -4
0 -3
0 -1
0 -4
0 -6
0 -10
0 -9
0 -7
0 -6
0 -2
0 -1
-1 -1
-4 -4
-7 -5
-8 -4
-1 -1
0 0
0 0
-1 0
0 -1
-1 -2
-2 -2
-1 -2
0 -2
-1 -1
0 -1
0 0
0 0
0 -1
0 -1
1 -2
0 -4
1 -1
0 0
0 -1
0 0
0 0
0 0
0 0
0 0
0 0
0 0
11 0
13 -1
10 -1
1 0
0 0
0 0
0 0
0 0
0 0
0 0
3 2
4 11
3 13
1 11
0 13
-1 13
-2 13
-4 17
-4 16
-2 11
-2 8
-2 7
-1 8
-1 8
0 1
0 0
0 0
0 -1
0 0
0 0
0 0
0 -1
-11 -3
-20 -5
-28 -5
-31 -2
-26 0
-18 3
-13 2
-11 1
-13 0
-13 -3
-12 -4
-8 0
-2 0
0 0
0 0
0 0
0 0
0 0
0 0
0 0
0 0
0 0
0 0
0 0
0 0
0 0
0 1
0 0
0 0
0 0
0 0
-3 -1
0 -5
0 -5
0 -4
0 -4
0 -5
0 -6
0 -6
1 -6
1 -5
1 -5
1 -6
2 -7
2 -7
1 -9
1 -9
0 -8
0 -1
0 -1
0 0
0 0
0 0
0 0
0 0
0 -1
0 -1
1 -3
2 -5
4 -7
7 -8
10 -9
8 -7
3 -2
0 -1
0 0
-2 -3
-6 -4
-6 -3
-2 -2
-3 -2
-1 -1
-3 -1
-1 0
0 0
0 0
0 0
0 1
-5 3
-5 4
-1 1
0 0
0 0
0 0
0 0
0 0
0 0
0 -1
0 0
0 0
0 -1
4 2
27 0
29 0
21 1
11 0
2 0
2 0
3 0
1 0
0 0
0 0
0 0
0 0
-6 2
-5 3
-5 3
-1 0
0 0
-1 0
-15 0
-20 -2
-23 -4
-19 -2
-10 -1
-1 -1
0 0
-2 -1
-1 -1
-1 0
0 0
-6 -1
-9 -1
-11 -1
-7 -1
-5 0
0 0
0 0
0 0
0 0
0 0
0 0
0 0
0 0
0 0
0 0
0 0
0 0
8 0
18 1
21 1
19 1
16 1
14 0
15 1
14 1
13 1
13 1
12 1
12 1
12 1
12 1
13 0
9 1
9 1
5 0
2 0
1 0
0 -1
2 -1
3 -2
2 -3
1 -2
0 -1
0 -1
0 -1
-2 -3
-4 -4
-1 -1
-1 -1
0 0
2 0
4 -1
5 -2
5 -1
4 -1
3 0
4 0
2 0
1 0
2 0
1 0
0 1
0 0
5 5
3 6
4 12
1 12
0 10
-2 9
-4 10
-8 14
-11 14
-18 18
-18 11
-11 4
-9 1
-8 -1
-4 0
-11 -6
-18 -9
-21 -9
-20 -13
-14 -14
-3 -6
-2 -5
-1 -5
-1 -4
0 -4
0 -6
2 -5
6 -4
7 -3
10 -3
9 -1
1 0
0 0
0 0
0 0
0 0
0 -1
-3 -2
-6 -3
-3 -1
-1 0
0 0
0 0
0 0
0 0
-3 0
-8 1
-8 0
-7 0
-6 0
-6 1
-8 4
-7 7
-3 6
-2 7
-2 6
-1 5
-1 5
0 3
-1 9
-1 10
-1 10
0 8
-1 6
0 3
0 1
-1 1
0 0
-1 5
-1 3
0 2
0 2
0 3
0 5
0 5
0 3
0 1
0 -1
0 -1
-1 0
-1 2
-1 0
1 -1
2 -1
4 1
12 2
19 -1
16 -1
10 -1
2 -1
1 -1
0 0
3 0
6 -3
11 -7
15 -8
19 -9
15 -5
7 -1
0 -1
0 0
0 0
10 -4
17 -8
19 -10
15 -9
1 -1
1 0
0 -1
0 0
1 -3
6 -6
10 -8
10 -9
5 -6
0 -1
0 0
-4 -3
-8 -5
-6 -3
-6 -3
-10 -3
-14 -2
-14 -1
-12 0
-13 4
-10 3
-1 0
0 0
0 0
-3 0
-16 0
-24 0
-29 0
-28 0
-19 0
-15 -1
-8 -1
-1 0
0 0
-3 4
-3 5
-2 6
0 3
0 1
2 2
4 2
11 3
14 4
13 5
9 2
5 1
1 0
0 0
1 1
0 0
0 0
0 0
3 0
6 1
3 4
3 8
4 10
5 10
4 2
8 0
15 -1
16 3
10 5
6 3
1 0
3 0
12 0
20 -1
19 0
10 1
2 2
0 0
1 0
0 0
9 -3
11 -2
2 0
1 0
1 -2
4 -6
7 -7
11 -10
11 -10
7 -6
0 -1
0 -1
0 0
1 -1
-3 -5
-6 -5
-7 -5
-6 -4
-7 -1
-1 0
0 0
0 -1
6 -1
9 -3
12 -5
14 -5
11 -4
8 -3
2 -1
0 -1
3 -1
5 -3
4 -4
2 -2
0 -2
0 -1
0 -1
-2 -2
-4 -4
-2 -3
-1 -1
0 -1
0 0
0 -1
-1 0
0 0
0 0
0 0
0 0
0 0
